03656
02034
00116
02199
01740
03908
03074
01562
01368
00428
03202
04156
02060
04163
01986
02104
00571
02450
03744
03218
00547
03181
03765
03792
03375
02214
01685
00165
01629
00657
01286
03332
04035
03346
01523
02912
03967
03985
02490
00038
03780
00319
00580
02098
03028
03937
00763
03284
01429
02069
03247
02504
03808
01251
00825
03143
02978
01704
03252
01434
02363
03463
01766
02162
00291
01453
03043
04121
00303
00597
02709
02078
01210
02355
02334
01948
00707
02041
00722
02195
02615
02485
03136
00726
04039
02574
00267
00035
03561
01029
00937
02124
01738
03857
03614
01844
00819
02715
01072
03801
02612
04066
00483
02630
00196
01228
04074
01915
02955
02150
04122
03907
01310
00492
03051
01815
02979
00414
01281
00429
02412
03593
02732
03674
02925
02449
03214
03357
01178
01626
00751
03893
01918
04058
02081
01284
00932
00340
00901
01299
02664
03047
03377
01367
01673
00299
00257
00538
01065
01270
02404
01414
02505
03710
00912
02633
00534
01762
02544
00031
01485
00841
03688
00627
03096
00567
02845
02193
01936
00540
02161
00426
01454
02278
00316
02507
00861
03804
00180
02415
03128
04189
02253
04103
01411
00931
00531
01327
03793
03269
01533
03830
00256
02690
01891
00585
02739
01378
02218
03230
01521
01589
02409
00718
00572
03093
02750
02982
01798
00250
03947
03866
04148
01035
01896
03998
02909
02274
02441
03828
00052
00358
01909
03633
02695
00677
02996
01103
02428
00228
00482
02252
00397
01871
01444
01082
02388
01122
03551
01499
00688
03563
00935
03513
01820
02654
04150
00920
03137
03077
03543
03858
01477
03013
03429
02557
01710
00092
02087
00323
02488
02178
00949
03434
03986
01465
00989
00308
02880
02440
01356
01182
00834
00444
03626
02212
02677
02027
02366
01609
00008
03190
01686
03980
04151
01412
00491
03250
02514
03817
00692
02067
03041
02322
01860
03550
01595
01236
00624
02434
03287
00587
03170
00306
01997
01079
02969
03353
00380
04146
02091
02114
02361
01319
00114
02284
02670
00824
02538
02171
02628
03316
02102
00998
02771
03271
03848
03927
02308
02418
00530
00655
01737
01830
00412
00496
01660
02884
00880
02405
04031
02913
02443
02204
01934
02053
00514
00197
04096
00012
02280
01582
02012
03206
00528
02571
02074
03630
01191
00301
04051
01683
02093
00315
02335
02745
00557
03370
03139
01507
01904
01548
00435
01505
02480
03565
03030
02061
02231
00187
01502
00091
02393
03636
00608
00859
02840
00591
02240
03867
03249
01963
03639
04072
03973
01214
04059
04030
01067
01742
02306
02618
02005
01497
00575
03569
03070
01713
00758
03050
02296
00799
00731
00618
02905
02772
01845
01404
01913
00954
02025
01323
02682
03369
00805
02583
01515
02524
02303
01501
02125
02144
03416
03711
03109
01711
02179
02873
00682
03891
01847
03082
00379
00288
02766
00595
00466
03578
04079
04144
00778
02550
02219
03161
03179
01640
03659
00745
01244
01879
00777
01745
02775
03951
00290
03184
04193
01633
00533
01328
01392
01080
00183
03531
01467
01684
01419
03805
02229
02290
01707
02263
00085
02476
00071
03180
02419
02241
02828
02217
03641
00611
03424
00378
00943
00790
01125
02708
00789
03784
00377
02747
02533
01120
00113
00066
03689
04047
00023
02451
00213
03539
00192
03797
01889
00459
02998
03586
00588
02521
03067
01765
00284
00991
01573
03913
02967
01311
00013
02103
02691
02808
02049
00670
02095
02075
03111
03646
00689
03634
00232
03909
00576
03211
00748
03055
01791
02809
00803
01073
00562
02371
03768
01070
01321
03413
00599
00387
01420
02541
03679
00554
00053
02878
03462
03707
00872
00911
03365
03300
03604
00072
00474
00326
02813
01496
01102
00477
00644
03583
00314
00780
03449
02548
00003
03027
00495
01263
03579
01264
00509
01700
01026
02540
01939
03727
00390
02314
03022
03695
02719
03854
01278
01645
03582
03259
03046
00550
01045
03677
03821
00110
02030
00251
02888
02436
00249
01220
01231
01479
02186
01312
02916
02714
02466
00620
00993
02365
04195
00359
03783
02767
00104
02648
02855
03012
02271
00025
00082
01098
02936
00264
00445
00190
01324
00096
03301
01868
02676
02350
03132
02666
01961
01254
04170
02163
00724
00179
02472
00488
01550
01441
00892
03732
02631
02164
02742
01902
00903
00476
03703
04082
03406
02539
01136
04032
01150
02403
03505
03607
03757
00625
02831
02616
00402
00037
00433
03652
03771
02417
01653
02446
00517
03536
03064
01538
01536
00252
00568
03643
01181
01357
01649
00163
03010
02624
01813
01919
03958
03950
01077
02356
03066
01040
00732
02021
02035
03680
03496
02226
01265
03404
00648
01657
00852
03616
01486
03412
01354
00129
00772
00339
02915
02662
01527
01577
02658
00961
02995
00586
03267
03122
00968
01870
01163
02097
00781
01489
03037
00833
02800
03087
00941
01207
01398
01506
00948
00706
00149
04005
01331
02177
03862
01280
03663
01976
03040
01114
03069
01193
02815
02126
02389
02468
03567
00026
00138
00853
00278
01655
00189
03459
00987
00134
02154
00563
03874
01622
02424
03544
01994
03589
02988
04009
01334
01744
01360
00060
01792
04076
03901
02827
00070
00965
00535
02250
00963
00266
03253
03033
00098
01372
01841
00150
01273
02553
03673
03541
02473
00200
03451
03289
00733
02932
02152
03084
01900
02209
01944
02257
01256
03625
01901
03712
03409
02560
00392
03398
02623
04186
02620
02396
03366
01036
04190
01978
01741
03733
03888
03678
02582
03405
02439
03574
03417
03487
01346
01099
01723
02207
02948
03827
01861
03776
00142
03957
03984
01211
01637
04060
01512
00727
01201
03378
02811
01206
02786
01388
01488
02392
03887
02007
01261
01730
00450
02194
02246
03749
03419
03878
01168
04160
02072
01880
01250
02362
03542
03145
02947
03376
03155
00958
04107
03581
03411
03356
02751
01814
02068
03935
03748
02160
00478
02033
00281
04033
00848
03379
01694
01162
01285
00934
01959
02920
03617
04109
01423
02099
03856
01351
01133
04048
00921
00022
02330
00415
03348
01480
00653
01007
01032
01352
02117
02368
01052
02780
02444
01450
03454
03506
03527
01834
00154
02607
01709
03362
00574
03256
00654
00975
00622
00143
04041
01808
02255
01113
02477
00128
00368
03092
02203
01749
03229
01949
00093
01151
02487
01494
02636
03216
03512
01602
03421
01679
01158
01460
03098
01225
03955
01458
02863
00890
04021
02183
00909
01893
04069
02977
01391
02289
02729
01625
03003
02867
02569
04130
01726
00634
01452
01132
00545
02566
03599
04167
03112
00293
03750
04137
04095
00055
03144
00332
02153
03392
01318
00335
01130
01972
00357
01725
04169
03608
03152
03213
03005
00233
01539
00721
02669
02755
02254
02111
00904
01384
00605
00769
00610
03860
00797
03629
00479
01591
03052
02685
03394
00638
02872
00157
00607
01767
02929
03694
04000
01187
03103
03650
01186
02456
04135
02054
03243
01139
00312
00503
00573
03065
01023
00516
00018
01342
01992
01410
03588
00761
02375
01097
03685
00520
03295
03610
03156
01050
03340
02264
01588
01436
03558
00902
02891
03193
01827
01425
03291
00006
00498
00307
00068
03090
00512
00952
00002
00020
03796
03564
04004
00996
01520
01627
00062
02291
02197
02230
00042
02297
03933
02805
02983
02239
00676
03248
03886
03425
02513
00539
01859
03870
02038
01215
03819
01208
00762
03061
03479
01958
00806
03521
00151
02502
00621
00639
02918
01395
02602
03008
03203
03094
01917
01932
00246
03922
03116
03672
00907
01175
01793
03322
02895
02448
01628
00816
00147
02879
04110
01914
02637
00203
03510
03081
00703
03829
03572
01194
03833
02136
02907
02754
00870
00908
03169
01925
01837
04088
03163
00084
01177
00282
03918
01325
01468
03270
03223
02325
02794
02237
02312
03932
01895
00274
00966
01300
03902
00917
02770
02483
00058
00697
02200
00544
03076
01547
03723
01338
03217
01110
01522
01006
03718
01297
00139
02875
00711
00330
01202
03773
03402
00898
03851
02862
03700
04133
01135
00043
03554
00942
03611
02937
02395
02899
00532
00212
03662
03977
01174
03167
02044
02970
00089
00420
01644
01344
04089
02340
02712
02883
04196
03113
00822
02242
01822
03751
03962
02158
01242
00207
03427
00632
01459
01833
03755
04007
00863
03334
01677
03810
02129
00988
00519
00481
02687
00844
01476
00775
02660
01727
03175
02665
02868
00823
01044
03665
00363
00259
02516
03251
01530
01751
00933
02373
04019
02819
02779
01064
00199
00275
00923
01996
02500
00184
03731
03584
04043
00077
00287
00201
03048
03686
02741
00641
03965
02512
04118
03693
00272
01701
00454
01545
02119
01232
03380
00448
00427
02208
01259
02235
03834
02681
01852
03736
03734
02945
02475
03877
03999
02188
01531
03467
04171
03511
04145
00122
03879
00645
02910
03328
01757
01661
02377
02279
01977
00005
00036
04127
01407
00918
01853
00999
03397
02726
01624
03577
01105
00686
00011
03317
02376
03091
03735
04176
02131
02652
00765
01772
02317
00049
03115
00205
01413
02017
01478
01928
00922
01867
02688
01769
03664
02758
01159
01555
01873
00485
01131
00283
01800
03743
01597
00717
00017
03503
02764
01941
02211
00229
03021
04116
03653
00198
01165
01663
03150
00785
02445
00386
00000
00603
00162
03500
01443
02348
03942
03071
02354
00895
00773
01517
02352
01724
03439
00541
01809
02459
03788
03209
01204
02861
04075
00051
00486
03226
01969
00985
03925
01979
03972
03461
03352
03104
03654
00865
00601
00217
04128
01199
02328
02774
00438
02833
00362
04099
03224
01335
03431
01002
02086
01908
02858
00619
03335
03948
01405
01196
03165
03054
03130
00691
03381
02718
00529
04038
00668
02115
00369
00666
02173
00470
01877
00679
02900
03714
02657
03432
03807
01442
02531
02865
01482
02494
00341
03488
00827
03280
03647
00704
01010
02169
00594
00656
00976
00646
02576
03738
02336
04080
00295
01518
00289
02570
02192
03552
01664
03198
04023
03791
02184
01046
00277
01095
02740
00845
00262
00081
03292
01526
01370
03171
02923
00589
02329
03547
03265
03548
03135
02519
01461
03327
01678
00034
03345
04155
03309
00980
02382
03849
02679
04102
03954
02032
02364
03465
00325
01221
02316
00896
00461
00076
02059
01152
01013
02823
03763
01646
00430
04147
03767
02626
03442
02202
00253
02213
03383
01672
02803
00469
01203
00801
02331
00194
00318
01406
01056
01631
03753
01991
03873
01606
00227
03408
00388
03374
03798
02123
02568
01005
01529
01856
02267
00206
01758
02455
03448
02313
03474
00078
01864
03699
03207
00788
02050
01269
02885
02210
02400
02139
00741
04013
01910
02470
03088
01456
02180
03518
03315
00630
01397
03146
02275
02606
02535
00782
00755
03557
03108
01764
00235
02508
02304
00613
04166
00219
03905
02298
00612
03176
01117
01947
04094
02896
02588
03178
02420
03520
03885
01140
01475
02249
03324
03890
04192
00712
03914
02410
02145
03976
00159
00614
00146
01198
01049
01658
04161
02337
03835
01617
03241
01474
01379
00743
02639
01774
02137
02782
03303
01224
01145
02590
02577
01241
03363
02818
02509
03537
00940
00010
01779
02430
02757
02045
03930
01166
02807
03941
02938
01066
01146
03940
02530
00893
00067
03426
01016
03571
02894
00432
03083
00925
03195
00879
02957
02536
03244
00345
01054
02321
03657
01607
02048
01641
03655
02897
03006
00583
00126
02397
02143
01623
00973
02323
01739
01818
00905
01916
01968
01440
02635
00977
03298
02935
02282
04040
00997
01516
01703
01534
03009
00617
02802
00564
03666
01164
00079
03642
02646
03438
00367
00964
00453
01172
04011
01100
00364
03603
00526
03566
01212
02166
01021
01115
02326
00123
03330
00182
00628
01245
02928
00633
01558
02981
02223
02843
00929
00830
01409
01059
00473
00771
01768
03304
01129
03068
02561
03787
02277
01277
04027
02256
02734
00452
00391
00569
01288
00261
00560
03153
03794
02495
02491
02324
01777
00559
02367
01960
00807
01101
01790
03457
04129
03489
01060
02422
00636
00112
02426
00992
00489
00889
00835
03897
00021
03227
03774
02812
00742
01831
03814
01426
00784
01571
00899
01554
03297
02874
04098
02510
01062
01940
02157
02593
01923
01823
02768
00556
03747
00860
03470
01897
01090
02903
00353
02673
03468
03766
00234
02876
02318
01315
01083
01987
01825
00683
03949
02287
02789
02644
01085
00240
03845
02031
02113
04012
01039
02482
01382
00551
02185
02946
02378
00875
00061
03742
00675
03212
00029
03594
00916
00793
04065
03706
02700
01116
01243
00566
01612
00400
01990
00669
00145
00928
02722
00927
01249
01693
02694
01272
01106
00475
00236
01611
01995
03971
03904
00792
00883
01832
01399
03869
02832
00040
02810
01601
03059
02079
04006
00141
02585
04017
03896
01401
03469
03756
02003
03553
02924
01615
01688
00074
01680
01217
00349
02852
01965
02101
01906
04115
01681
00838
00915
02511
03293
01817
02893
02787
00536
03001
00647
03105
02047
02333
03645
01537
03349
00694
01118
03279
00549
00202
00156
00221
01669
00714
03990
01432
02247
02141
04024
00510
00382
03423
01511
00753
03168
01510
02826
03194
00548
02825
00121
01147
00075
00786
03562
02866
00506
02528
02596
02285
00095
03210
02052
03101
03846
02911
01363
02753
01371
02447
03281
03924
01438
01559
01094
02370
00350
00894
02990
03080
03559
01396
00170
01761
02238
00522
00546
03840
00191
01999
02379
02933
02064
02908
00115
02283
01821
04068
00615
03276
00204
00457
01912
03530
02076
02259
02841
00371
00876
03183
00322
02011
00800
00869
03704
01712
03331
01746
00286
00456
01096
02462
00637
01037
03418
01993
03039
00101
01569
02065
01650
03124
03945
01303
04175
01636
00333
02501
03952
01155
00097
01393
00050
01608
00767
02731
03314
02592
01472
03321
00713
00759
03228
01804
03606
03361
03939
01111
00664
03532
02788
02351
01720
00783
03899
00513
02931
04131
02481
01519
01884
00537
00063
00593
03007
02986
02457
00280
00794
03384
01590
00663
02711
02821
03114
02634
04139
04136
00472
01780
03903
01462
01075
01854
00662
02552
00297
01435
02804
01144
00497
01843
00936
03516
03813
03306
03035
01171
00494
02684
01568
01223
03670
02882
04149
03868
02302
02849
01014
01374
02791
04062
00604
00518
00153
00616
02761
03591
03894
00065
00693
00484
00828
02384
02798
01564
02777
04181
03799
00375
03440
01365
01717
01235
01796
01347
03254
02486
01728
02108
01189
03038
03915
01587
00884
01656
02295
02433
01946
01911
00843
02469
02423
01638
03162
01583
03166
01402
02558
04055
01290
03861
00407
03876
02073
00855
00659
02220
01716
00910
03585
00030
01866
02109
02848
03333
02961
02094
03717
01011
01074
03595
02886
01091
01671
01061
03668
02692
03779
00972
00398
00674
01642
01849
03464
01430
01898
04143
03400
03994
00411
03200
04168
02414
00672
03823
01361
01087
03640
03499
02640
02716
01043
01525
03072
01721
01973
04008
03319
01674
03741
04153
03759
01289
03898
03498
02830
02421
01439
04050
04020
02489
04015
01647
03102
02973
01262
01951
00851
04049
03883
02088
03401
01795
01752
01824
02070
02008
00385
01386
04025
00106
01805
01885
02118
01336
00820
00957
00176
02964
02756
02386
01301
03371
03979
02595
01240
03215
00137
03403
03514
01126
01455
01487
00239
00103
02484
00389
04165
02581
00866
00324
03388
00873
03847
03921
03036
01170
01173
00687
02663
02391
00967
01341
03964
03058
02727
00218
01047
01570
00296
02836
01127
01330
01605
02617
03934
01027
00404
03485
03422
00413
02999
04010
01057
00715
01355
03079
01028
00090
02546
01051
02797
00033
03358
00877
02245
03389
03855
00990
00764
03906
02614
01076
03242
01349
03769
01702
00014
00960
02176
02702
02790
02066
01553
02851
01209
01732
01926
01119
02028
02258
04001
01247
01806
01863
00209
02958
02056
04132
02985
00555
02940
01581
00754
02578
01549
02349
02427
01876
02720
00224
03433
00160
00705
00831
00087
02589
04113
02656
03786
02110
02759
01648
00660
02650
03721
00768
01283
01639
03832
03129
04036
01320
02600
00132
01747
03863
00361
00009
03709
02638
02077
00658
00795
03020
03838
02854
02728
02738
02919
03632
00684
01431
00111
01905
02649
00343
03702
01957
01053
02735
02311
02265
00774
00467
01369
00383
01034
01603
02148
03802
00690
02503
02651
02549
00590
03486
01676
03453
03126
02191
01089
02327
01748
03019
01309
02839
02037
02269
01610
01887
04045
02547
04162
02236
02301
01275
02949
02629
01576
03701
00837
02543
01836
03078
01463
02693
03502
02138
02402
00490
00867
03961
03844
01295
03023
02749
01692
00244
00757
00716
02438
03368
00083
01234
03443
01967
00581
02174
01513
00543
02453
03057
00468
03690
01803
03311
03871
00631
03286
02838
01069
01239
01421
00978
00247
02342
01390
00399
02518
01690
03716
03837
02991
00582
02859
01337
02305
00193
01343
01810
00069
00309
03159
02926
03944
00736
00720
01271
00381
02829
01246
04093
02837
03310
04091
01974
00945
00552
03031
00747
02292
03812
00735
02465
03631
02934
02089
04037
03667
00214
02474
01955
02647
01630
03864
02360
04002
02537
00166
00962
01828
03993
01794
02984
01345
02725
01495
00406
01124
03739
02746
00241
00914
00561
02517
02437
00744
01563
02993
00959
01514
00346
03789
00302
01296
02043
03329
02641
03117
00394
03943
03125
00887
00864
03056
02525
00337
04014
03895
01696
03231
01237
02248
01954
01842
00417
01255
02401
00168
01274
01359
00810
02671
03928
00600
00409
01149
03351
02429
00874
00080
02018
00463
01874
02667
01466
03387
03919
01584
03963
02201
01675
03119
00846
00164
03414
02084
01942
00584
03208
01018
02346
00109
02276
04180
00222
02597
00808
01167
03034
03720
04111
03740
03978
01024
02930
02645
00292
01989
00403
04026
00749
00779
00709
02147
01025
01179
02529
00592
02080
01422
04172
02763
01771
01652
01493
00856
02261
02273
03596
03011
01850
04119
01883
02972
03341
01971
02344
02190
01797
00220
02556
03186
02341
00460
00464
02950
00507
02609
02943
03154
01197
01950
03556
00642
03508
03225
03761
03576
04084
03452
02051
00173
02960
01802
01869
03000
00579
03910
03336
00004
01781
00984
01226
04152
02467
01192
02387
01929
01063
00046
03623
03635
00105
00405
01776
02698
00752
01819
01812
01020
03775
03575
03062
02889
04106
03981
01229
01691
03515
02499
00661
00396
01078
02057
03746
03272
03781
03196
02215
01081
00028
01543
03560
03620
03393
03338
03018
00449
00054
01816
01184
03648
00446
03430
03818
00158
02844
03120
02454
02668
03923
01000
04191
01736
01600
00971
03926
04154
01773
02300
03450
03892
01878
02962
01556
01546
04125
02135
02071
04197
00836
00185
01500
01984
03268
01632
02584
02621
01156
03032
02232
00946
01592
00944
01188
02760
02562
03492
00177
03261
03063
03816
01839
02632
03342
03478
00770
00130
02987
03274
01222
00815
02036
03959
03494
03675
03661
03592
00131
01938
02198
00352
02332
03410
01138
01719
00629
02705
01291
02004
02733
03367
00276
02534
01058
01943
01305
02134
00127
00265
00839
04117
03359
01128
00188
02345
01030
02689
00524
03158
01451
01048
01778
03719
01599
00665
02383
01141
04159
03705
01433
01143
01907
01935
03127
01313
01787
02062
02170
03075
00419
00425
03726
02116
02801
01142
03795
00365
04016
03573
00798
01333
04198
02599
01340
01616
01445
02140
01086
02914
04126
03107
02156
00558
01733
00086
03770
00570
02307
02431
01183
00225
00216
02816
03296
02464
03587
04064
02281
01387
02834
01983
02559
00699
01620
00906
00850
03522
00840
00756
01033
02221
01619
01123
03820
03696
01807
00623
00360
03911
03525
00416
03089
00738
01205
01508
02319
00171
01921
03880
00919
03141
00913
02270
01840
04092
01754
02743
01408
01153
03538
03504
00094
00424
03187
01160
03570
01437
02563
00119
03989
02380
03283
04029
03590
04187
02024
00440
04061
02748
00750
01643
02806
03546
00849
01862
02713
03692
01565
04185
00422
01017
00174
03619
01788
01267
00891
02233
00596
04157
03545
02842
01952
01551
01596
02586
00888
03681
00995
00348
03192
00626
01293
02310
02022
03764
03752
01826
02707
01092
02974
03651
02997
04044
01213
03509
02846
00951
02339
01504
02817
02442
03026
01682
02055
02975
02820
02672
03097
01031
04199
01930
00451
00737
03996
03713
00007
03277
03725
00263
04081
02724
00169
02871
02642
02458
01055
03882
00719
01594
02196
01253
03476
03174
02132
03160
02100
00148
01483
00680
01137
01552
04104
03900
03238
01875
00505
03390
03372
02796
03549
00393
03916
01185
00882
03708
01041
01593
02783
03687
04138
04140
02591
02587
01561
01770
00186
02697
02092
01484
02944
00140
03302
04042
01689
02610
02357
00311
02085
01260
02901
04105
03458
01981
02019
00136
03307
01662
01464
03519
03017
01532
01579
02142
03497
02527
00924
00812
02567
03447
04123
01945
00024
00553
02372
00334
01022
02659
00133
03326
03106
01112
00305
03839
03946
02822
02892
03669
04108
01838
03785
02090
01332
03045
01962
03534
02040
01567
04124
02272
00270
02133
03099
01560
02906
03133
01953
03246
00102
00351
01308
03233
01881
00881
00515
00701
03044
03014
03312
04078
00056
01169
02399
03220
00117
02622
00230
02522
03475
02565
04184
04034
03399
00829
01858
01618
00813
01258
02864
03991
01706
01698
01492
04022
03754
00442
02951
00542
01385
01104
03282
02172
01540
00804
00342
01266
03344
03622
03131
00338
03172
01524
01755
01176
00243
00609
00410
01687
03444
03724
02778
00651
00107
04120
00950
00862
03671
02083
00355
03264
01735
04179
01292
02288
03235
02762
04134
00376
02353
03191
02268
00499
03305
03493
03495
03875
03758
02039
02463
03615
03199
00047
03138
03843
03968
03580
03660
01329
00698
04173
01927
00015
03889
02956
00981
03997
02498
00643
00273
01350
02149
01427
02773
01348
04028
00700
00001
02856
04073
00254
02398
01718
02496
03239
00242
00826
02717
03121
02793
04178
02493
01071
03002
01580
00791
00336
03085
02869
01575
01574
02293
04077
03049
02824
03480
01775
04018
03825
01988
01894
01108
02627
03188
03053
02187
02941
02228
01366
03628
03737
00421
01542
03982
00508
02244
03320
03266
02227
02216
00447
03601
02358
03600
00144
01490
01753
00734
03185
02580
03745
02168
01937
02023
01886
00708
00328
02243
03350
00487
00885
02989
03325
01899
03760
03627
00650
01180
03482
01668
02082
00100
02390
02661
01015
03386
04097
02225
00300
03815
03501
03540
01695
04177
00802
03777
03095
03772
02795
00493
03029
00842
00939
00527
03811
00059
02701
03285
02014
02887
03624
03204
01227
01306
03842
04071
01449
02971
04158
00298
03015
01855
02835
00821
00739
04114
01380
01708
02853
03722
00210
01982
03859
03995
01651
00443
02206
00088
01257
03262
01785
01358
02299
02497
02315
01316
00019
01088
03477
01322
02515
03524
01782
01339
00167
01557
03197
01903
00953
00245
00211
01107
00796
00710
00974
01614
03649
03523
01634
02128
02674
03803
03472
03533
00695
02432
00260
02994
01544
01134
02927
00320
01314
03016
00969
02730
01970
01457
02966
03782
01621
02408
00725
01326
01154
02992
02710
02939
00523
02167
03865
00728
02294
00027
